R = 5;
L = 0.1;
Cap = 220e-6;
Kp=10;
Ki=1000;
Kd=0.001;